1|2|350664|020027110014|DAMIAN DAMIANO, WALTER ANTONIO|TOLENTINO GONZALEZ|24764||01|022003|2589.00|1|||
2|26765725|DAMIAN|DAMIANO|WALTER |03061952|1|1||||
3|26765725|1|02041979|9|1|99|01|5|99|||1|30|0|||||
4|26765725|1|1|3168
2|29273961|JOVER|REVERDITO|RICARDO |09011970|1|1||||
3|29273961|1|01051991|1|2|40|15|5|99|||1|14|0|||||
4|29273961|1|1|2492
2|40207866|FERMER|BAZZANO|RAUL |11101969|1|1||||
3|40207866|1|01021994|1|2|40|15|5|99|||1|14|0|||||
4|40207866|1|1|2492
6|ASOCIACION COM.CANELONES|TOLENTINO GONZALEZ 320|033 22521|033 22521|SILVANA FERRARI
