1|2|1535384|020061190017|ARAUJO GONZALEZ, CIRILO Y MARIA|TOLENTINO GONZALEZ 320|26101||04|022003|3775.00|1|||
2|32326422|ARAUJO|GONZALEZ|CIRILO |18081967|1|1||||
3|32326422|1|16051991|9|1|99|02|9|99|||1|30|0|||||
4|32326422|1|1|3168
2|27393371|ARAUJO|GONZALEZ|MARIA |25111969|2|1||||
3|27393371|1|26091994|9|1|99|02|9|99|||1|30|0|||||
4|27393371|1|1|3168
2|36609735|GONZALEZ|BELTRAN|MARIA ESTER|12041942|2|1||||
3|36609735|1|01101994|1|1|44|12|9|99|||1|30|0|||||
4|36609735|1|1|1200
2|43463310|BERRUTTI|PEREZ|JOHNATAN |01071983|1|1||||
3|43463310|1|17042002|1|1|44|12|9|99|||1|30|0|||||
4|43463310|1|1|1200
6|ASOCIACION COM.CANELONES|TOLENTINO GONZALEZ 320|033 22521|033 22521|SILVANA FERRARI
